@001000
-000500
-000502
-000504
-000506
-000510
-000512
-000514
@000500
-132664
-051666
-052524
-052526
-066652
-100
@000000
-012706
-000500
-012700
-000500
-112601
-112003
-112602
-112004
-110105
-060205
-110526
-105200
-110305
-060505
-110520
-116700
-000507
-116701
-000510
-120001
-120100
-130001
-000300
-140001
-150001
-012706
-000512
-112603
-012706
-000511
-005216
-010605
-105101
-105246
-105305
-105415
-105515
-000261
-105615
-106015
-106015
-106015
-106115
-106115
-106115
-106215
-106215
-106215
-106315
-106315
-106315
-105716
-105016
-000000
-000000
*000000
